3572269224
3572269224
3572269224
3572269224
3572269224
3572269224
3572269224
3572269224
3572269224
3572269224
3572269224
3572269224
3572269224
3572269224
3572269224
3572269224
3572269224
3572269224
3572269224
3572269224
3572269224
3572269224
3572269224
3572269224
3572269224
3572269224
3572269224
3572269224
3572269224
3572269224
3572269224
3572269224
3572269224
3572269224
3572269224
3572269224
3572269224
3572269224
3572269224
3572269224
3572269224
3572269224
3572269224
3572269224
3572269224
3572269224
3572269224
3572269224
3572269224
3572269224
